threshold:
  stereotype: 0.27759668231010437
  anti-stereotype: 0.20444755256175995
  unrelated: 0.31752294301986694
  profession: 0.3163633942604065
  race: 0.5332762002944946
  gender: 0.43116679787635803
  religion: 0.3916328251361847